5 
3 6 7 6 7 6
5 3

3
a1
X
0 1 1 1 0
0 0 1 0 1
1 1 1 1 1 0  
0 0 0 1 1 1
1 1 1 0 1 1 0 
0 1 1 0 1 0 0
0 1 1 1 0 0  
1 0 0 1 1 0
1 1 1 0 1 1 0 
0 1 1 0 1 1 1
1 1 1 1 1 0  
0 1 0 1 0 0

a2
X
0 1 1 0 1
1 1 0 0 0
0 1 1 1 0 0  
1 0 0 1 1 0
1 1 1 0 1 1 0 
0 1 1 0 1 1 1
1 1 1 1 1 0  
0 1 0 1 0 0
1 1 1 1 1 0 0 
0 0 1 1 1 0 0
1 1 1 0 1 1  
0 0 1 1 0 1

b3
Y
1 0 1 0 0 
1 0 0
1 1 1 1 1 0  
1 1 0 1 1 0
1 1 1 0 1 1 0 
0 1 1 0 1 0 0
0 1 1 1 0 0  
1 0 0 1 1 0
1 0 1 0 0 1 0 
0 0 0 0 1 1 1
1 1 1 0 1 1  
0 0 1 1 0 1

anadir_individuo
b4
Y
1 1 0 0 1 
0 1 0
1 0 0 0 1 0  
1 1 1 1 1 1
0 0 0 0 0 0 0 
1 0 1 0 1 1 1
0 1 1 1 0 0  
1 0 0 1 1 0
1 0 1 1 1 1 0 
0 1 1 0 1 0 0
1 1 1 1 1 0  
0 0 0 1 1 1

anadir_individuo
m1
X
1 1 0 0 1 
0 1 0 0 1
1 0 0 0 1 0  
1 1 1 1 1 1
0 0 0 0 0 0 0 
1 0 1 0 1 1 1
0 1 1 1 0 0  
1 0 0 1 1 0
1 0 1 1 1 1 0 
0 1 1 0 1 0 0
1 1 1 1 1 0  
0 0 0 1 1 1

reproduccion_sexual
a2 b4 d2
1 1 1
0 0 3
1 0 4
0 0 4
1 1 3
0 1 2

reproduccion_sexual
a1 b3 c1
0 1 2
1 1 3
1 0 5
1 1 4
0 0 3
1 1 4






reproduccion_sexual
m1 c1 e1
0 1 2
1 1 3
1 0 5
0 0 4
1 1 3
0 1 2

reproduccion_sexual
m1 c1 h1
1 0 2
1 1 3
1 0 2
0 0 4
1 1 3
0 1 2

completar_arbol_genealogico 
e1 c1 $ $ $ /
